P3_STEP_1_INDEX=27
P3_STEP_2_INDEX=729
P3_STEP_3_INDEX=19683
P7_STEP_1_INDEX=7
P7_STEP_2_INDEX=49
P7_STEP_3_INDEX=343
LEVEL_2_2_INDEX=35721
LEVEL_2_2_EXPECTED=35721
LEVEL_2_2_CLOSED=1
LEVEL_2_2_LATTICE=[[1, 0, 0, 0, 0, 0, 0, 0, 0, 0, 0, 0; 0, 1, 0, 0, 0, 0, 0, 0, 0, 0, 0, 0; 0, 0, 1, 0, 0, 0, 0, 0, 0, 0, 0, 0; 0, 0, 0, 63, 0, 27, 2, 61, 1, 7, 1, 58; 0, 0, 0, 0, 63, 45, 0, 60, 62, 0, 3, 15; 0, 0, 0, 0, 0, 9, 1, 0, 2, 0, 3, 5; 0, 0, 0, 0, 0, 0, 1, 0, 0, 0, 0, 0; 0, 0, 0, 0, 0, 0, 0, 1, 0, 0, 0, 0; 0, 0, 0, 0, 0, 0, 0, 0, 1, 0, 0, 0; 0, 0, 0, 0, 0, 0, 0, 0, 0, 1, 0, 0; 0, 0, 0, 0, 0, 0, 0, 0, 0, 0, 1, 0; 0, 0, 0, 0, 0, 0, 0, 0, 0, 0, 0, 1], 1]
LEVEL_2_3_INDEX=250047
LEVEL_2_3_EXPECTED=250047
LEVEL_2_3_CLOSED=1
LEVEL_2_3_LATTICE=[[1, 0, 0, 0, 0, 0, 0, 0, 0, 0, 0, 0; 0, 1, 0, 0, 0, 0, 0, 0, 0, 0, 0, 0; 0, 0, 1, 0, 0, 0, 0, 0, 0, 0, 0, 0; 0, 0, 0, 63, 0, 0, 29, 52, 10, 7, 28, 13; 0, 0, 0, 0, 63, 0, 45, 24, 35, 0, 48, 24; 0, 0, 0, 0, 0, 63, 10, 18, 47, 0, 12, 32; 0, 0, 0, 0, 0, 0, 1, 0, 0, 0, 0, 0; 0, 0, 0, 0, 0, 0, 0, 1, 0, 0, 0, 0; 0, 0, 0, 0, 0, 0, 0, 0, 1, 0, 0, 0; 0, 0, 0, 0, 0, 0, 0, 0, 0, 1, 0, 0; 0, 0, 0, 0, 0, 0, 0, 0, 0, 0, 1, 0; 0, 0, 0, 0, 0, 0, 0, 0, 0, 0, 0, 1], 1]
LEVEL_3_2_INDEX=964467
LEVEL_3_2_EXPECTED=964467
LEVEL_3_2_CLOSED=1
LEVEL_3_2_LATTICE=[[1, 0, 0, 0, 0, 0, 0, 0, 0, 0, 0, 0; 0, 1, 0, 0, 0, 0, 0, 0, 0, 0, 0, 0; 0, 0, 1, 0, 0, 0, 0, 0, 0, 0, 0, 0; 0, 0, 0, 189, 0, 81, 2, 187, 1, 7, 91, 49; 0, 0, 0, 0, 189, 135, 0, 186, 188, 63, 48, 42; 0, 0, 0, 0, 0, 27, 1, 0, 2, 0, 12, 23; 0, 0, 0, 0, 0, 0, 1, 0, 0, 0, 0, 0; 0, 0, 0, 0, 0, 0, 0, 1, 0, 0, 0, 0; 0, 0, 0, 0, 0, 0, 0, 0, 1, 0, 0, 0; 0, 0, 0, 0, 0, 0, 0, 0, 0, 1, 0, 0; 0, 0, 0, 0, 0, 0, 0, 0, 0, 0, 1, 0; 0, 0, 0, 0, 0, 0, 0, 0, 0, 0, 0, 1], 1]
LEVEL_3_3_INDEX=6751269
LEVEL_3_3_EXPECTED=6751269
LEVEL_3_3_CLOSED=1
LEVEL_3_3_LATTICE=[[1, 0, 0, 0, 0, 0, 0, 0, 0, 0, 0, 0; 0, 1, 0, 0, 0, 0, 0, 0, 0, 0, 0, 0; 0, 0, 1, 0, 0, 0, 0, 0, 0, 0, 0, 0; 0, 0, 0, 189, 0, 0, 29, 52, 136, 7, 91, 76; 0, 0, 0, 0, 189, 0, 108, 24, 161, 63, 48, 150; 0, 0, 0, 0, 0, 189, 136, 81, 110, 0, 12, 158; 0, 0, 0, 0, 0, 0, 1, 0, 0, 0, 0, 0; 0, 0, 0, 0, 0, 0, 0, 1, 0, 0, 0, 0; 0, 0, 0, 0, 0, 0, 0, 0, 1, 0, 0, 0; 0, 0, 0, 0, 0, 0, 0, 0, 0, 1, 0, 0; 0, 0, 0, 0, 0, 0, 0, 0, 0, 0, 1, 0; 0, 0, 0, 0, 0, 0, 0, 0, 0, 0, 0, 1], 1]
