P_LEN=2
P_CHARS=208055
P1_CHARS=197123
P1_PREFIX='[[-43524125786398, -29275749094701, -21754224334922, -16802631173396, -8205586172850, -14190567914030, -26335801677353, -25377834824378, -36732284101310, -24050658207198, -37554821163458, 43950366590380]~, [254653914076841, 171288543073534, 127281094665840, 98309976771277, 48009801424821, 8302713947'
P1_SUFFIX='1022067498371, -29893637358357, -43268528929588, -28330299241495, -44237430525005, 51771017098659]~, [142543537976928, 95879441056814, 71246097343397, 55029399246394, 26873676681814, 46474770481892, 86250976410761, 83113590374429, 120299940299923, 78767025173815, 122993787467108, -143939496449488]~]'
P1_TOP_LEVEL_LEN=1010
P1_1_PREFIX='[-43524125786398, -29275749094701, -21754224334922, -16802631173396, -8205586172850, -14190567914030, -26335801677353, -25377834824378, -36732284101310, -240506'
P1_2_PREFIX='[254653914076841, 171288543073534, 127281094665840, 98309976771277, 48009801424821, 83027139476235, 154087298854156, 148482361264824, 214915745009674, 140717226'
P1_3_PREFIX='[-6770970305240, -4554375859494, -3384265719854, -2613955240568, -1276528345972, -2207601237218, -4097013503233, -3947984315504, -5714375655324, -3741517825966,'
P1_4_PREFIX='[-168111662905804, -113077397287209, -84025555068112, -64900057535358, -31694025134228, -54810979576801, -101721868822791, -98021727860742, -141878216987372, -9'
P1_5_PREFIX='[33529963096416, 22553348723922, 16758942907754, 12944351965610, 6321390644662, 10932079849590, 20288482362711, 19550487224428, 28297687963385, 18528061565251, '
P2_CHARS=10928
P2_PREFIX='[Vecsmall([-1, 371, -372, 417, 243, -244, -579, 849, 655, -656, 394, -395, 1000, 462, -463, -614, 785, -786, 673, 294, 93, -94, 486, -487, -912, 958, -959, 64, -65, 25, -26, 433, -434, 879, 287, -288, -337, -511, 101, -102, -143, 511, -512, 402, -403, 988, 986, 660, 67, -68, -158, -976, 920, 32, -33'
P2_SUFFIX='9, -936, 798, -799, -964, 975, 786, -787, 826, -827, 28, -29, 758, -759, -983, -984, 497, -498, -721, 774, -775, -846, -879, 436, -437, -925, 9, -10, -207, 924, 437, -438, -446, 514, -515, 856, 415, -416, 891, -892, -968, 141, -142, 385, -386, 136, -137, -231, 593, 435, -436, -935, 470, 383, -384])]'
P2_TOP_LEVEL_LEN=1
P2_1_PREFIX='Vecsmall([-1, 371, -372, 417, 243, -244, -579, 849, 655, -656, 394, -395, 1000, 462, -463, -614, 785, -786, 673, 294, 93, -94, 486, -487, -912, 958, -959, 64, -'